gaussianNoise_10_SNR: 13.595511777082612
gaussianNoise_30_SNR: 4.1536779976647935
saltAndPepper_0_10_SNR: -2.0983770511927604
saltAndPepper_0_05_SNR: 0.8940172475723973
gaussianNoise_10_box_3x3_SNR: 17.71529631941454
gaussianNoise_30_box_3x3_SNR: 12.62831517299718
saltAndPepper_0_10_box_3x3_SNR: 6.335857764415987
saltAndPepper_0_05_box_3x3_SNR: 9.427070576167264
gaussianNoise_10_box_5x5_SNR: 14.853847517081924
gaussianNoise_30_box_5x5_SNR: 13.312983357828347
saltAndPepper_0_10_box_5x5_SNR: 8.494050389251425
saltAndPepper_0_05_box_5x5_SNR: 11.094105971229277
gaussianNoise_10_median_3x3_SNR: 17.635805296114434
gaussianNoise_30_median_3x3_SNR: 11.094165584261397
saltAndPepper_0_10_median_3x3_SNR: 15.091946131555773
saltAndPepper_0_05_median_3x3_SNR: 19.394518319165538
gaussianNoise_10_median_5x5_SNR: 16.007086056039004
gaussianNoise_30_median_5x5_SNR: 12.912878866786796
saltAndPepper_0_10_median_5x5_SNR: 15.788529200058095
saltAndPepper_0_05_median_5x5_SNR: 16.375860236529917
gaussianNoise_10_openingThenClosing_SNR: 13.231692536984896
gaussianNoise_30_openingThenClosing_SNR: 11.17014130151582
saltAndPepper_0_10_openingThenClosing_SNR: -2.1914523795619556
saltAndPepper_0_05_openingThenClosing_SNR: 5.57706012262898
gaussianNoise_10_closingThenOpening_SNR: 13.572076968384014
gaussianNoise_30_closingThenOpening_SNR: 11.14005147466556
saltAndPepper_0_10_closingThenOpening_SNR: -2.6130475326007008
saltAndPepper_0_05_closingThenOpening_SNR: 4.870910655337472
